              precision    recall  f1-score   support

           0       0.84      0.81      0.82       507
           1       0.99      0.96      0.97       481
           2       0.75      0.78      0.76       521
           3       0.82      0.88      0.85       500
           4       0.78      0.77      0.77       521
           5       0.94      0.94      0.94       485
           6       0.66      0.63      0.64       482
           7       0.91      0.92      0.92       500
           8       0.96      0.95      0.96       526
           9       0.94      0.94      0.94       477

    accuracy                           0.86      5000
   macro avg       0.86      0.86      0.86      5000
weighted avg       0.86      0.86      0.86      5000
