              precision    recall  f1-score   support

           0       0.80      0.88      0.84      1000
           1       0.99      0.97      0.98      1000
           2       0.73      0.84      0.79      1000
           3       0.88      0.90      0.89      1000
           4       0.85      0.69      0.76      1000
           5       0.99      0.94      0.96      1000
           6       0.70      0.66      0.68      1000
           7       0.88      0.99      0.93      1000
           8       0.97      0.97      0.97      1000
           9       0.97      0.91      0.94      1000

    accuracy                           0.87     10000
   macro avg       0.88      0.87      0.87     10000
weighted avg       0.88      0.87      0.87     10000
