              precision    recall  f1-score   support

           0       0.85      0.81      0.83       507
           1       0.99      0.96      0.97       481
           2       0.75      0.78      0.77       521
           3       0.83      0.88      0.85       500
           4       0.78      0.78      0.78       521
           5       0.94      0.93      0.93       485
           6       0.67      0.65      0.66       482
           7       0.91      0.94      0.92       500
           8       0.97      0.95      0.96       526
           9       0.94      0.94      0.94       477

    accuracy                           0.86      5000
   macro avg       0.86      0.86      0.86      5000
weighted avg       0.86      0.86      0.86      5000
