              precision    recall  f1-score   support

           0       0.82      0.80      0.81       507
           1       0.99      0.96      0.97       481
           2       0.73      0.79      0.76       521
           3       0.84      0.89      0.86       500
           4       0.75      0.76      0.75       521
           5       0.95      0.94      0.95       485
           6       0.66      0.57      0.61       482
           7       0.91      0.92      0.91       500
           8       0.96      0.96      0.96       526
           9       0.92      0.94      0.93       477

    accuracy                           0.85      5000
   macro avg       0.85      0.85      0.85      5000
weighted avg       0.85      0.85      0.85      5000
